[default.jpg]
filters=Pixelate=1,8.058479,9.000000,0.000000;Invert=1;
moddate=9a6e88a26594d001
width=512
height=512
textactive=0
